0000000011100 
0000000010111 
0000000100100 
0000000101110 
0000000111011 
0000001000101 
0000001010010 
0000001011100 
0000001101001 
0000001110011 
0000001111111 
0000010001001 
0000010010110 
0000010100000 
0000010101100 
0000010110110 
0000011000010 
0000011001100 
0000011011000 
0000011100010 
0000011101111 
0000011111000 
0000100000100 
0000100001110 
0000100011010 
0000100100100 
0000100101111 
0000100111011 
0000101000100 
0000101010000 
0000101011010 
0000101100110 
0000101101111 
0000101111011 
0000110000100 
0000110010000 
0000110011001 
0000110100101 
0000110101110 
0000110111010 
0000111000011 
0000111001111 
0000111011000 
0000111100100 
0000111101101 
0000111111000 
0001000000001 
0001000001101 
0001000010110 
0001000100001 
0001000101100 
0001000110111 
0001001000000 
0001001001100 
0001001010101 
0001001100001 
0001001101010 
0001001110110 
0001010000000 
0001010001011 
0001010010101 
0001010100001 
0001010101010 
0001010110110 
0001011000000 
0001011001100 
0001011010101 
0001011100001 
0001011101011 
0001011110111 
0001100000001 
0001100001101 
0001100010111 
0001100100011 
0001100101110 
0001100111000 
0001101000100 
0001101001110 
0001101011010 
0001101100100 
0001101110001 
0001101111011 
0001110000111 
0001110010001 
0001110011110 
0001110101000 
0001110110101 
0001110111111 
0001111001100 
0001111010110 
0001111100011 
0001111101101 
0001111111010 
0010000000100 
0010000010001 
0010000011011 
0010000101000 
0010000110010 
0010000111111 
0010001001010 
0010001010111 
