0000000100000 
0000000011111 
0000000110000 
0000000111110 
0000001001110 
0000001011100 
0000001101101 
0000001111011 
0000010001011 
0000010011001 
0000010101001 
0000010110111 
0000011000111 
0000011010101 
0000011100101 
0000011110011 
0000100000011 
0000100010001 
0000100100001 
0000100101111 
0000100111111 
0000101001100 
0000101011101 
0000101101010 
0000101111010 
0000110000111 
0000110010110 
0000110100110 
0000110110011 
0000111000011 
0000111010000 
0000111100000 
0000111101101 
0000111111101 
0001000001010 
0001000011010 
0001000100111 
0001000110111 
0001001000100 
0001001010011 
0001001100000 
0001001110000 
0001001111101 
0001010001100 
0001010011001 
0001010101001 
0001010110101 
0001011000101 
0001011010010 
0001011100001 
0001011101111 
0001011111110 
0001100001011 
0001100011011 
0001100101000 
0001100111000 
0001101000101 
0001101010100 
0001101100001 
0001101110001 
0001101111110 
0001110001110 
0001110011011 
0001110101011 
0001110111000 
0001111001000 
0001111010110 
0001111100110 
0001111110011 
0010000000011 
0010000010001 
0010000100001 
0010000101110 
0010000111110 
0010001001101 
0010001011011 
0010001101011 
0010001111001 
0010010001001 
0010010010111 
0010010100111 
0010010110101 
0010011000101 
0010011010011 
0010011100011 
0010011110001 
0010100000010 
0010100010000 
0010100100000 
0010100101110 
0010100111111 
0010101001101 
0010101011110 
0010101101100 
0010101111100 
0010110001011 
0010110011011 
0010110101010 
0010110111010 
0010111001001 
0010111011010 
