11111111111111111100010110 
11111111111111111100101000 
11111111111111111100101000 
11111111111111111100111010 
11111111111111111100111010 
11111111111111111101001100 
11111111111111111101001100 
11111111111111111101011110 
11111111111111111101011110 
11111111111111111101110000 
11111111111111111101110000 
11111111111111111110000010 
11111111111111111110000010 
11111111111111111110010100 
11111111111111111110010100 
11111111111111111110100110 
11111111111111111110100110 
11111111111111111110111000 
11111111111111111110111000 
11111111111111111111001010 
11111111111111111111001010 
11111111111111111111011100 
11111111111111111111011100 
11111111111111111111101110 
11111111111111111111101110 
00000000000000000000000000 
00000000000000000000010010 
00000000000000000000010010 
00000000000000000000100100 
00000000000000000000100100 
00000000000000000000110110 
00000000000000000000110110 
00000000000000000001001000 
00000000000000000001001000 
00000000000000000001011010 
00000000000000000001011010 
00000000000000000001101100 
00000000000000000001101100 
00000000000000000001111110 
00000000000000000001111110 
00000000000000000010010000 
00000000000000000010010000 
00000000000000000010100010 
00000000000000000010100010 
00000000000000000010110100 
00000000000000000010110100 
00000000000000000011000110 
00000000000000000011000110 
00000000000000000011011000 
00000000000000000011011000 
00000000000000000011011000 
00000000000000000011000110 
00000000000000000011000110 
00000000000000000010110100 
00000000000000000010110100 
00000000000000000010100010 
00000000000000000010100010 
00000000000000000010010000 
00000000000000000010010000 
00000000000000000001111110 
00000000000000000001111110 
00000000000000000001101100 
00000000000000000001101100 
00000000000000000001011010 
00000000000000000001011010 
00000000000000000001001000 
00000000000000000001001000 
00000000000000000000110110 
00000000000000000000110110 
00000000000000000000100100 
00000000000000000000100100 
00000000000000000000010010 
00000000000000000000010010 
00000000000000000000000000 
11111111111111111111101110 
11111111111111111111101110 
11111111111111111111011100 
11111111111111111111011100 
11111111111111111111001010 
11111111111111111111001010 
11111111111111111110111000 
11111111111111111110111000 
11111111111111111110100110 
11111111111111111110100110 
11111111111111111110010100 
11111111111111111110010100 
11111111111111111110000010 
11111111111111111110000010 
11111111111111111101110000 
11111111111111111101110000 
11111111111111111101011110 
11111111111111111101011110 
11111111111111111101001100 
11111111111111111101001100 
11111111111111111100111010 
11111111111111111100111010 
11111111111111111100101000 
11111111111111111100101000 
11111111111111111100010110 
11111111111111111100010110 
11111111111111111100000100 
