00000000000000011110111101 
00000000000000111101110011 
00000000000001011100101001 
00000000000001111011011000 
00000000000010011010000111 
00000000000010111000101111 
00000000000011010111010111 
00000000000011110101111000 
00000000000100010100011001 
00000000000100110010110011 
00000000000101010001001101 
00000000000101101111100000 
00000000000110001101110011 
00000000000110101011111111 
00000000000111001010001011 
00000000000111101000010000 
00000000001000000110010101 
00000000001000100100010011 
00000000001001000010010001 
00000000001001100000001000 
00000000001001111101111111 
00000000001010011011101111 
00000000001010111001011111 
00000000001011010111001000 
00000000001011110100110001 
00000000001100010010010011 
00000000001100101111101110 
00000000001101001101001001 
00000000001101101010011101 
00000000001110000111110001 
00000000001110100100111110 
00000000001111000010001011 
00000000001111011111010001 
00000000001111111100010111 
00000000010000011001010110 
00000000010000110110010101 
00000000010001010011001101 
00000000010001110000000101 
00000000010010001100110110 
00000000010010101001100111 
00000000010011000110010001 
00000000010011100010111011 
00000000010011111111011110 
00000000010100011100000001 
00000000010100111000011101 
00000000010101010100111001 
00000000010101110001001110 
00000000010110001101100011 
00000000010110101001110001 
00000000010111000101111111 
00000000010111100010001101 
00000000010111111110100010 
00000000011000011010110111 
00000000011000110111010011 
00000000011001010011101111 
00000000011001110000010010 
00000000011010001100110101 
00000000011010101001011111 
00000000011011000110001001 
00000000011011100010111010 
00000000011011111111101011 
00000000011100011100100011 
00000000011100111001011011 
00000000011101010110011010 
00000000011101110011011001 
00000000011110010000011111 
00000000011110101101100101 
00000000011111001010110010 
00000000011111100111111111 
00000000100000000101010011 
00000000100000100010100111 
00000000100001000000000010 
00000000100001011101011101 
00000000100001111010111111 
00000000100010011000101000 
00000000100010110110010001 
00000000100011010100000001 
00000000100011110001110001 
00000000100100001111101000 
00000000100100101101011111 
00000000100101001011011101 
00000000100101101001011011 
00000000100110000111100000 
00000000100110100101100101 
00000000100111000011110001 
00000000100111100001111101 
00000000101000000000010000 
00000000101000011110100011 
00000000101000111100111101 
00000000101001011011010111 
00000000101001111001111000 
00000000101010011000011001 
00000000101010110111000001 
00000000101011010101101001 
00000000101011110100011000 
00000000101100010011000111 
00000000101100110001111101 
00000000101101010000110011 
00000000101101101111110000 
00000000101110001110101101 
00000000101110101101110001 
